sample_0	0	8	16	24	32	40
sample_1	1	9	17	25	33	41
sample_2	2	10	18	26	34	42
sample_3	3	11	19	27	35	43
sample_4	4	12	20	28	36	44
sample_5	5	13	21	29	37	45
sample_6	6	14	22	30	38	46
sample_7	7	15	23	31	39	47
sample_8	0	9	18	27	36	45
sample_9	1	8	19	26	37	44
sample_10	2	11	16	25	38	47
sample_11	3	10	17	24	39	46
sample_12	4	13	22	31	32	41
sample_13	5	12	23	30	33	40
sample_14	6	15	20	29	34	43
sample_15	7	14	21	28	35	42
sample_16	0	10	20	30	35	41
sample_17	1	11	21	31	34	40
sample_18	2	8	22	28	33	43
sample_19	3	9	23	29	32	42
sample_20	4	14	16	26	39	45
sample_21	5	15	17	27	38	44
sample_22	6	12	18	24	37	47
sample_23	7	13	19	25	36	46
sample_24	0	11	22	29	39	44
sample_25	1	10	23	28	38	45
sample_26	2	9	20	31	37	46
sample_27	3	8	21	30	36	47
sample_28	4	15	18	25	35	40
sample_29	5	14	19	24	34	41
sample_30	6	13	16	27	33	42
sample_31	7	12	17	26	32	43
sample_32	0	12	19	31	38	42
sample_33	1	13	18	30	39	43
sample_34	2	14	17	29	36	40
sample_35	3	15	16	28	37	41
sample_36	4	8	23	27	34	46
sample_37	5	9	22	26	35	47
sample_38	6	10	21	25	32	44
sample_39	7	11	20	24	33	45
sample_40	0	13	17	28	34	47
sample_41	1	12	16	29	35	46
sample_42	2	15	19	30	32	45
sample_43	3	14	18	31	33	44
sample_44	4	9	21	24	38	43
sample_45	5	8	20	25	39	42
sample_46	6	11	23	26	36	41
sample_47	7	10	22	27	37	40
sample_48	0	14	23	25	37	43
sample_49	1	15	22	24	36	42
sample_50	2	12	21	27	39	41
sample_51	3	13	20	26	38	40
sample_52	4	10	19	29	33	47
sample_53	5	11	18	28	32	46
sample_54	6	8	17	31	35	45
sample_55	7	9	16	30	34	44
sample_56	0	15	21	26	33	46
sample_57	1	14	20	27	32	47
sample_58	2	13	23	24	35	44
sample_59	3	12	22	25	34	45
sample_60	4	11	17	30	37	42
sample_61	5	10	16	31	36	43
sample_62	6	9	19	28	39	40
sample_63	7	8	18	29	38	41
sample_64	0	9	20	29	38	47
sample_65	1	8	21	28	39	46
sample_66	2	11	22	31	36	45
sample_67	3	10	23	30	37	44
sample_68	4	13	16	25	34	43
sample_69	5	12	17	24	35	42
sample_70	6	15	18	27	32	41
sample_71	7	14	19	26	33	40
sample_72	0	8	22	30	34	42
sample_73	1	9	23	31	35	43
sample_74	2	10	20	28	32	40
sample_75	3	11	21	29	33	41
sample_76	4	12	18	26	38	46
sample_77	5	13	19	27	39	47
sample_78	6	14	16	24	36	44
sample_79	7	15	17	25	37	45
sample_80	0	11	16	27	37	46
sample_81	1	10	17	26	36	47
sample_82	2	9	18	25	39	44
sample_83	3	8	19	24	38	45
sample_84	4	15	20	31	33	42
sample_85	5	14	21	30	32	43
sample_86	6	13	22	29	35	40
sample_87	7	12	23	28	34	41
sample_88	0	10	18	24	33	43
sample_89	1	11	19	25	32	42
sample_90	2	8	16	26	35	41
sample_91	3	9	17	27	34	40
sample_92	4	14	22	28	37	47
sample_93	5	15	23	29	36	46
sample_94	6	12	20	30	39	45
sample_95	7	13	21	31	38	44
sample_96	0	13	23	26	32	45
sample_97	1	12	22	27	33	44
sample_98	2	15	21	24	34	47
sample_99	3	14	20	25	35	46
sample_100	4	9	19	30	36	41
sample_101	5	8	18	31	37	40
sample_102	6	11	17	28	38	43
sample_103	7	10	16	29	39	42
sample_104	0	12	21	25	36	40
sample_105	1	13	20	24	37	41
sample_106	2	14	23	27	38	42
sample_107	3	15	22	26	39	43
sample_108	4	8	17	29	32	44
sample_109	5	9	16	28	33	45
sample_110	6	10	19	31	34	46
sample_111	7	11	18	30	35	47
sample_112	0	15	19	28	35	44
sample_113	1	14	18	29	34	45
sample_114	2	13	17	30	33	46
sample_115	3	12	16	31	32	47
sample_116	4	11	23	24	39	40
sample_117	5	10	22	25	38	41
sample_118	6	9	21	26	37	42
sample_119	7	8	20	27	36	43
sample_120	0	14	17	31	39	41
sample_121	1	15	16	30	38	40
sample_122	2	12	19	29	37	43
sample_123	3	13	18	28	36	42
sample_124	4	10	21	27	35	45
sample_125	5	11	20	26	34	44
sample_126	6	8	23	25	33	47
sample_127	7	9	22	24	32	46
sample_128	0	10	19	25	39	45
sample_129	1	11	18	24	38	44
sample_130	2	8	17	27	37	47
sample_131	3	9	16	26	36	46
sample_132	4	14	23	29	35	41
sample_133	5	15	22	28	34	40
sample_134	6	12	21	31	33	43
sample_135	7	13	20	30	32	42
sample_136	0	11	17	26	35	40
sample_137	1	10	16	27	34	41
sample_138	2	9	19	24	33	42
sample_139	3	8	18	25	32	43
sample_140	4	15	21	30	39	44
sample_141	5	14	20	31	38	45
sample_142	6	13	23	28	37	46
sample_143	7	12	22	29	36	47
sample_144	0	8	23	31	36	44
sample_145	1	9	22	30	37	45
sample_146	2	10	21	29	38	46
sample_147	3	11	20	28	39	47
sample_148	4	12	19	27	32	40
sample_149	5	13	18	26	33	41
sample_150	6	14	17	25	34	42
sample_151	7	15	16	24	35	43
sample_152	0	9	21	28	32	41
sample_153	1	8	20	29	33	40
sample_154	2	11	23	30	34	43
sample_155	3	10	22	31	35	42
sample_156	4	13	17	24	36	45
sample_157	5	12	16	25	37	44
sample_158	6	15	19	26	38	47
sample_159	7	14	18	27	39	46
sample_160	0	14	16	30	33	47
sample_161	1	15	17	31	32	46
sample_162	2	12	18	28	35	45
sample_163	3	13	19	29	34	44
sample_164	4	10	20	26	37	43
sample_165	5	11	21	27	36	42
sample_166	6	8	22	24	39	41
sample_167	7	9	23	25	38	40
sample_168	0	15	18	29	37	42
sample_169	1	14	19	28	36	43
sample_170	2	13	16	31	39	40
sample_171	3	12	17	30	38	41
sample_172	4	11	22	25	33	46
sample_173	5	10	23	24	32	47
sample_174	6	9	20	27	35	44
sample_175	7	8	21	26	34	45
sample_176	0	12	20	24	34	46
sample_177	1	13	21	25	35	47
sample_178	2	14	22	26	32	44
sample_179	3	15	23	27	33	45
sample_180	4	8	16	28	38	42
sample_181	5	9	17	29	39	43
sample_182	6	10	18	30	36	40
sample_183	7	11	19	31	37	41
sample_184	0	13	22	27	38	43
sample_185	1	12	23	26	39	42
sample_186	2	15	20	25	36	41
sample_187	3	14	21	24	37	40
sample_188	4	9	18	31	34	47
sample_189	5	8	19	30	35	46
sample_190	6	11	16	29	32	45
sample_191	7	10	17	28	33	44
sample_192	0	11	23	28	33	42
sample_193	1	10	22	29	32	43
sample_194	2	9	21	30	35	40
sample_195	3	8	20	31	34	41
sample_196	4	15	19	24	37	46
sample_197	5	14	18	25	36	47
sample_198	6	13	17	26	39	44
sample_199	7	12	16	27	38	45
sample_200	0	10	21	31	37	47
sample_201	1	11	20	30	36	46
sample_202	2	8	23	29	39	45
sample_203	3	9	22	28	38	44
sample_204	4	14	17	27	33	43
sample_205	5	15	16	26	32	42
sample_206	6	12	19	25	35	41
sample_207	7	13	18	24	34	40
sample_208	0	9	19	26	34	43
sample_209	1	8	18	27	35	42
sample_210	2	11	17	24	32	41
sample_211	3	10	16	25	33	40
sample_212	4	13	23	30	38	47
sample_213	5	12	22	31	39	46
sample_214	6	15	21	28	36	45
sample_215	7	14	20	29	37	44
sample_216	0	8	17	25	38	46
sample_217	1	9	16	24	39	47
sample_218	2	10	19	27	36	44
sample_219	3	11	18	26	37	45
sample_220	4	12	21	29	34	42
sample_221	5	13	20	28	35	43
sample_222	6	14	23	31	32	40
sample_223	7	15	22	30	33	41
sample_224	0	15	20	27	39	40
sample_225	1	14	21	26	38	41
sample_226	2	13	22	25	37	42
sample_227	3	12	23	24	36	43
sample_228	4	11	16	31	35	44
sample_229	5	10	17	30	34	45
sample_230	6	9	18	29	33	46
sample_231	7	8	19	28	32	47
sample_232	0	14	22	24	35	45
sample_233	1	15	23	25	34	44
sample_234	2	12	20	26	33	47
sample_235	3	13	21	27	32	46
sample_236	4	10	18	28	39	41
sample_237	5	11	19	29	38	40
sample_238	6	8	16	30	37	43
sample_239	7	9	17	31	36	42
sample_240	0	13	16	29	36	41
sample_241	1	12	17	28	37	40
sample_242	2	15	18	31	38	43
sample_243	3	14	19	30	39	42
sample_244	4	9	20	25	32	45
sample_245	5	8	21	24	33	44
sample_246	6	11	22	27	34	47
sample_247	7	10	23	26	35	46
sample_248	0	12	18	30	32	44
sample_249	1	13	19	31	33	45
sample_250	2	14	16	28	34	46
sample_251	3	15	17	29	35	47
sample_252	4	8	22	26	36	40
sample_253	5	9	23	27	37	41
sample_254	6	10	20	24	38	42
sample_255	7	11	21	25	39	43
sample_256	0	12	22	26	37	41
sample_257	1	13	23	27	36	40
sample_258	2	14	20	24	39	43
sample_259	3	15	21	25	38	42
sample_260	4	8	18	30	33	45
sample_261	5	9	19	31	32	44
sample_262	6	10	16	28	35	47
sample_263	7	11	17	29	34	46
sample_264	0	13	20	25	33	44
sample_265	1	12	21	24	32	45
sample_266	2	15	22	27	35	46
sample_267	3	14	23	26	34	47
sample_268	4	9	16	29	37	40
sample_269	5	8	17	28	36	41
sample_270	6	11	18	31	39	42
sample_271	7	10	19	30	38	43
sample_272	0	14	18	28	38	40
sample_273	1	15	19	29	39	41
sample_274	2	12	16	30	36	42
sample_275	3	13	17	31	37	43
sample_276	4	10	22	24	34	44
sample_277	5	11	23	25	35	45
sample_278	6	8	20	26	32	46
sample_279	7	9	21	27	33	47
sample_280	0	15	16	31	34	45
sample_281	1	14	17	30	35	44
sample_282	2	13	18	29	32	47
sample_283	3	12	19	28	33	46
sample_284	4	11	20	27	38	41
sample_285	5	10	21	26	39	40
sample_286	6	9	22	25	36	43
sample_287	7	8	23	24	37	42
sample_288	0	8	21	29	35	43
sample_289	1	9	20	28	34	42
sample_290	2	10	23	31	33	41
sample_291	3	11	22	30	32	40
sample_292	4	12	17	25	39	47
sample_293	5	13	16	24	38	46
sample_294	6	14	19	27	37	45
sample_295	7	15	18	26	36	44
sample_296	0	9	23	30	39	46
sample_297	1	8	22	31	38	47
sample_298	2	11	21	28	37	44
sample_299	3	10	20	29	36	45
sample_300	4	13	19	26	35	42
sample_301	5	12	18	27	34	43
sample_302	6	15	17	24	33	40
sample_303	7	14	16	25	32	41
sample_304	0	10	17	27	32	42
sample_305	1	11	16	26	33	43
sample_306	2	8	19	25	34	40
sample_307	3	9	18	24	35	41
sample_308	4	14	21	31	36	46
sample_309	5	15	20	30	37	47
sample_310	6	12	23	29	38	44
sample_311	7	13	22	28	39	45
sample_312	0	11	19	24	36	47
sample_313	1	10	18	25	37	46
sample_314	2	9	17	26	38	45
sample_315	3	8	16	27	39	44
sample_316	4	15	23	28	32	43
sample_317	5	14	22	29	33	42
sample_318	6	13	21	30	34	41
sample_319	7	12	20	31	35	40
sample_320	0	13	18	31	35	46
sample_321	1	12	19	30	34	47
sample_322	2	15	16	29	33	44
sample_323	3	14	17	28	32	45
sample_324	4	9	22	27	39	42
sample_325	5	8	23	26	38	43
sample_326	6	11	20	25	37	40
sample_327	7	10	21	24	36	41
sample_328	0	12	16	28	39	43
sample_329	1	13	17	29	38	42
sample_330	2	14	18	30	37	41
sample_331	3	15	19	31	36	40
sample_332	4	8	20	24	35	47
sample_333	5	9	21	25	34	46
sample_334	6	10	22	26	33	45
sample_335	7	11	23	27	32	44
sample_336	0	15	22	25	32	47
sample_337	1	14	23	24	33	46
sample_338	2	13	20	27	34	45
sample_339	3	12	21	26	35	44
sample_340	4	11	18	29	36	43
sample_341	5	10	19	28	37	42
sample_342	6	9	16	31	38	41
sample_343	7	8	17	30	39	40
sample_344	0	14	20	26	36	42
sample_345	1	15	21	27	37	43
sample_346	2	12	22	24	38	40
sample_347	3	13	23	25	39	41
sample_348	4	10	16	30	32	46
sample_349	5	11	17	31	33	47
sample_350	6	8	18	28	34	44
sample_351	7	9	19	29	35	45
sample_352	0	9	17	24	37	44
sample_353	1	8	16	25	36	45
sample_354	2	11	19	26	39	46
sample_355	3	10	18	27	38	47
sample_356	4	13	21	28	33	40
sample_357	5	12	20	29	32	41
sample_358	6	15	23	30	35	42
sample_359	7	14	22	31	34	43
sample_360	0	8	19	27	33	41
sample_361	1	9	18	26	32	40
sample_362	2	10	17	25	35	43
sample_363	3	11	16	24	34	42
sample_364	4	12	23	31	37	45
sample_365	5	13	22	30	36	44
sample_366	6	14	21	29	39	47
sample_367	7	15	20	28	38	46
sample_368	0	11	21	30	38	45
sample_369	1	10	20	31	39	44
sample_370	2	9	23	28	36	47
sample_371	3	8	22	29	37	46
sample_372	4	15	17	26	34	41
sample_373	5	14	16	27	35	40
sample_374	6	13	19	24	32	43
sample_375	7	12	18	25	33	42
sample_376	0	10	23	29	34	40
sample_377	1	11	22	28	35	41
sample_378	2	8	21	31	32	42
sample_379	3	9	20	30	33	43
sample_380	4	14	19	25	38	44
sample_381	5	15	18	24	39	45
sample_382	6	12	17	27	36	46
sample_383	7	13	16	26	37	47
